(kicad_pcb (version 20171130) (host pcbnew "(5.1.6)-1")

  (general
    (thickness 1.6)
    (drawings 7)
    (tracks 287)
    (zones 0)
    (modules 40)
    (nets 103)
  )

  (page A4)
  (title_block
    (title "GPIB / IEEE 488 to USB Serial Adapter")
    (date 2020-08-22)
    (rev 0)
    (company SBE)
    (comment 2 "Based on design by Galvant Industries")
  )

  (layers
    (0 F.Cu signal)
    (31 B.Cu signal)
    (32 B.Adhes user)
    (33 F.Adhes user)
    (34 B.Paste user)
    (35 F.Paste user)
    (36 B.SilkS user)
    (37 F.SilkS user)
    (38 B.Mask user)
    (39 F.Mask user)
    (40 Dwgs.User user)
    (41 Cmts.User user)
    (42 Eco1.User user)
    (43 Eco2.User user)
    (44 Edge.Cuts user)
    (45 Margin user)
    (46 B.CrtYd user)
    (47 F.CrtYd user)
    (48 B.Fab user)
    (49 F.Fab user hide)
  )

  (setup
    (last_trace_width 0.25)
    (trace_clearance 0.15)
    (zone_clearance 0.508)
    (zone_45_only no)
    (trace_min 0.2)
    (via_size 0.8)
    (via_drill 0.4)
    (via_min_size 0.4)
    (via_min_drill 0.3)
    (uvia_size 0.3)
    (uvia_drill 0.1)
    (uvias_allowed no)
    (uvia_min_size 0.2)
    (uvia_min_drill 0.1)
    (edge_width 0.05)
    (segment_width 0.2)
    (pcb_text_width 0.3)
    (pcb_text_size 1.5 1.5)
    (mod_edge_width 0.12)
    (mod_text_size 1 1)
    (mod_text_width 0.15)
    (pad_size 1.524 1.524)
    (pad_drill 0.762)
    (pad_to_mask_clearance 0.05)
    (aux_axis_origin 0 0)
    (grid_origin 105 92.5)
    (visible_elements 7FFFFFFF)
    (pcbplotparams
      (layerselection 0x010fc_ffffffff)
      (usegerberextensions false)
      (usegerberattributes true)
      (usegerberadvancedattributes true)
      (creategerberjobfile true)
      (excludeedgelayer true)
      (linewidth 0.100000)
      (plotframeref false)
      (viasonmask false)
      (mode 1)
      (useauxorigin false)
      (hpglpennumber 1)
      (hpglpenspeed 20)
      (hpglpendiameter 15.000000)
      (psnegative false)
      (psa4output false)
      (plotreference true)
      (plotvalue true)
      (plotinvisibletext false)
      (padsonsilk false)
      (subtractmaskfromsilk false)
      (outputformat 1)
      (mirror false)
      (drillshape 1)
      (scaleselection 1)
      (outputdirectory ""))
  )

  (net 0 "")
  (net 1 GND)
  (net 2 +5V)
  (net 3 +3V3)
  (net 4 VCCQ)
  (net 5 conDIO1)
  (net 6 conDIO2)
  (net 7 conDIO3)
  (net 8 conDIO4)
  (net 9 conDIO5)
  (net 10 conDIO6)
  (net 11 conDIO7)
  (net 12 conDIO8)
  (net 13 conSRQ)
  (net 14 conATN)
  (net 15 conEOI)
  (net 16 conDAV)
  (net 17 conNRFD)
  (net 18 conNDAC)
  (net 19 conIFC)
  (net 20 conREN)
  (net 21 VBUS)
  (net 22 "Net-(FB1-Pad2)")
  (net 23 /USB_D-)
  (net 24 /USB_D+)
  (net 25 BOOT0)
  (net 26 "Net-(J3-Pad6)")
  (net 27 "Net-(J3-Pad7)")
  (net 28 "Net-(J3-Pad8)")
  (net 29 ~RST~)
  (net 30 /USB_ftdi_D+)
  (net 31 /USB_ftdi_D-)
  (net 32 TCK)
  (net 33 TMS)
  (net 34 BOOT1)
  (net 35 TE)
  (net 36 ~PE~)
  (net 37 DIO8)
  (net 38 DIO7)
  (net 39 DIO6)
  (net 40 DIO5)
  (net 41 DIO4)
  (net 42 DIO3)
  (net 43 DIO2)
  (net 44 DIO1)
  (net 45 "Net-(U4-Pad16)")
  (net 46 SC)
  (net 47 DC)
  (net 48 SRQ)
  (net 49 ATN)
  (net 50 EOI)
  (net 51 DAV)
  (net 52 NRFD)
  (net 53 NDAC)
  (net 54 IFC)
  (net 55 REN)
  (net 56 "Net-(U6-Pad2)")
  (net 57 "Net-(U6-Pad3)")
  (net 58 "Net-(U6-Pad4)")
  (net 59 "Net-(U6-Pad14)")
  (net 60 "Net-(U6-Pad15)")
  (net 61 USART2_TX)
  (net 62 USART2_RX)
  (net 63 "Net-(U6-Pad20)")
  (net 64 "Net-(U6-Pad21)")
  (net 65 "Net-(U6-Pad22)")
  (net 66 "Net-(U6-Pad23)")
  (net 67 "Net-(U6-Pad26)")
  (net 68 "Net-(U6-Pad27)")
  (net 69 "Net-(U6-Pad29)")
  (net 70 "Net-(U6-Pad33)")
  (net 71 "Net-(U6-Pad34)")
  (net 72 "Net-(U6-Pad35)")
  (net 73 "Net-(U6-Pad36)")
  (net 74 "Net-(U6-Pad39)")
  (net 75 "Net-(U6-Pad40)")
  (net 76 "Net-(U6-Pad41)")
  (net 77 "Net-(U6-Pad42)")
  (net 78 "Net-(U6-Pad43)")
  (net 79 "Net-(U6-Pad44)")
  (net 80 "Net-(U6-Pad45)")
  (net 81 "Net-(U6-Pad50)")
  (net 82 "Net-(U6-Pad51)")
  (net 83 "Net-(U6-Pad52)")
  (net 84 "Net-(U6-Pad53)")
  (net 85 "Net-(U6-Pad54)")
  (net 86 "Net-(U6-Pad55)")
  (net 87 "Net-(U6-Pad56)")
  (net 88 "Net-(U6-Pad57)")
  (net 89 "Net-(U6-Pad58)")
  (net 90 "Net-(U6-Pad59)")
  (net 91 "Net-(U6-Pad61)")
  (net 92 "Net-(U6-Pad62)")
  (net 93 /CK+)
  (net 94 /CK-)
  (net 95 /cTMS)
  (net 96 /cTCK)
  (net 97 "Net-(U4-Pad2)")
  (net 98 "Net-(U4-Pad6)")
  (net 99 TXLED)
  (net 100 +3.3VP)
  (net 101 RXLED)
  (net 102 "Net-(U4-Pad15)")

  (net_class Default "This is the default net class."
    (clearance 0.15)
    (trace_width 0.25)
    (via_dia 0.8)
    (via_drill 0.4)
    (uvia_dia 0.3)
    (uvia_drill 0.1)
    (add_net +3.3VP)
    (add_net +3V3)
    (add_net +5V)
    (add_net /CK+)
    (add_net /CK-)
    (add_net /USB_D+)
    (add_net /USB_D-)
    (add_net /USB_ftdi_D+)
    (add_net /USB_ftdi_D-)
    (add_net /cTCK)
    (add_net /cTMS)
    (add_net ATN)
    (add_net BOOT0)
    (add_net BOOT1)
    (add_net DAV)
    (add_net DC)
    (add_net DIO1)
    (add_net DIO2)
    (add_net DIO3)
    (add_net DIO4)
    (add_net DIO5)
    (add_net DIO6)
    (add_net DIO7)
    (add_net DIO8)
    (add_net EOI)
    (add_net GND)
    (add_net IFC)
    (add_net NDAC)
    (add_net NRFD)
    (add_net "Net-(FB1-Pad2)")
    (add_net "Net-(J3-Pad6)")
    (add_net "Net-(J3-Pad7)")
    (add_net "Net-(J3-Pad8)")
    (add_net "Net-(U4-Pad15)")
    (add_net "Net-(U4-Pad16)")
    (add_net "Net-(U4-Pad2)")
    (add_net "Net-(U4-Pad6)")
    (add_net "Net-(U6-Pad14)")
    (add_net "Net-(U6-Pad15)")
    (add_net "Net-(U6-Pad2)")
    (add_net "Net-(U6-Pad20)")
    (add_net "Net-(U6-Pad21)")
    (add_net "Net-(U6-Pad22)")
    (add_net "Net-(U6-Pad23)")
    (add_net "Net-(U6-Pad26)")
    (add_net "Net-(U6-Pad27)")
    (add_net "Net-(U6-Pad29)")
    (add_net "Net-(U6-Pad3)")
    (add_net "Net-(U6-Pad33)")
    (add_net "Net-(U6-Pad34)")
    (add_net "Net-(U6-Pad35)")
    (add_net "Net-(U6-Pad36)")
    (add_net "Net-(U6-Pad39)")
    (add_net "Net-(U6-Pad4)")
    (add_net "Net-(U6-Pad40)")
    (add_net "Net-(U6-Pad41)")
    (add_net "Net-(U6-Pad42)")
    (add_net "Net-(U6-Pad43)")
    (add_net "Net-(U6-Pad44)")
    (add_net "Net-(U6-Pad45)")
    (add_net "Net-(U6-Pad50)")
    (add_net "Net-(U6-Pad51)")
    (add_net "Net-(U6-Pad52)")
    (add_net "Net-(U6-Pad53)")
    (add_net "Net-(U6-Pad54)")
    (add_net "Net-(U6-Pad55)")
    (add_net "Net-(U6-Pad56)")
    (add_net "Net-(U6-Pad57)")
    (add_net "Net-(U6-Pad58)")
    (add_net "Net-(U6-Pad59)")
    (add_net "Net-(U6-Pad61)")
    (add_net "Net-(U6-Pad62)")
    (add_net REN)
    (add_net RXLED)
    (add_net SC)
    (add_net SRQ)
    (add_net TCK)
    (add_net TE)
    (add_net TMS)
    (add_net TXLED)
    (add_net USART2_RX)
    (add_net USART2_TX)
    (add_net VBUS)
    (add_net VCCQ)
    (add_net conATN)
    (add_net conDAV)
    (add_net conDIO1)
    (add_net conDIO2)
    (add_net conDIO3)
    (add_net conDIO4)
    (add_net conDIO5)
    (add_net conDIO6)
    (add_net conDIO7)
    (add_net conDIO8)
    (add_net conEOI)
    (add_net conIFC)
    (add_net conNDAC)
    (add_net conNRFD)
    (add_net conREN)
    (add_net conSRQ)
    (add_net ~PE~)
    (add_net ~RST~)
  )

  (module Package_TO_SOT_SMD:SOT-23-6 (layer F.Cu) (tedit 5A02FF57) (tstamp 5F4165B7)
    (at 116 81.8 90)
    (descr "6-pin SOT-23 package")
    (tags SOT-23-6)
    (path /5F3D8535)
    (attr smd)
    (fp_text reference U3 (at 0 -2.9 90) (layer F.SilkS)
      (effects (font (size 1 1) (thickness 0.15)))
    )
    (fp_text value WE-TVS-82400102 (at 0 2.9 90) (layer F.Fab)
      (effects (font (size 1 1) (thickness 0.15)))
    )
    (fp_line (start -0.9 1.61) (end 0.9 1.61) (layer F.SilkS) (width 0.12))
    (fp_line (start 0.9 -1.61) (end -1.55 -1.61) (layer F.SilkS) (width 0.12))
    (fp_line (start 1.9 -1.8) (end -1.9 -1.8) (layer F.CrtYd) (width 0.05))
    (fp_line (start 1.9 1.8) (end 1.9 -1.8) (layer F.CrtYd) (width 0.05))
    (fp_line (start -1.9 1.8) (end 1.9 1.8) (layer F.CrtYd) (width 0.05))
    (fp_line (start -1.9 -1.8) (end -1.9 1.8) (layer F.CrtYd) (width 0.05))
    (fp_line (start -0.9 -0.9) (end -0.25 -1.55) (layer F.Fab) (width 0.1))
    (fp_line (start 0.9 -1.55) (end -0.25 -1.55) (layer F.Fab) (width 0.1))
    (fp_line (start -0.9 -0.9) (end -0.9 1.55) (layer F.Fab) (width 0.1))
    (fp_line (start 0.9 1.55) (end -0.9 1.55) (layer F.Fab) (width 0.1))
    (fp_line (start 0.9 -1.55) (end 0.9 1.55) (layer F.Fab) (width 0.1))
    (fp_text user %R (at 0 0) (layer F.Fab)
      (effects (font (size 0.5 0.5) (thickness 0.075)))
    )
    (pad 1 smd rect (at -1.1 -0.95 90) (size 1.06 0.65) (layers F.Cu F.Paste F.Mask)
      (net 24 /USB_D+))
    (pad 2 smd rect (at -1.1 0 90) (size 1.06 0.65) (layers F.Cu F.Paste F.Mask)
      (net 1 GND))
    (pad 3 smd rect (at -1.1 0.95 90) (size 1.06 0.65) (layers F.Cu F.Paste F.Mask)
      (net 23 /USB_D-))
    (pad 4 smd rect (at 1.1 0.95 90) (size 1.06 0.65) (layers F.Cu F.Paste F.Mask)
      (net 23 /USB_D-))
    (pad 6 smd rect (at 1.1 -0.95 90) (size 1.06 0.65) (layers F.Cu F.Paste F.Mask)
      (net 24 /USB_D+))
    (pad 5 smd rect (at 1.1 0 90) (size 1.06 0.65) (layers F.Cu F.Paste F.Mask)
      (net 21 VBUS))
    (model ${KISYS3DMOD}/Package_TO_SOT_SMD.3dshapes/SOT-23-6.wrl
      (at (xyz 0 0 0))
      (scale (xyz 1 1 1))
      (rotate (xyz 0 0 0))
    )
  )

  (module Package_QFP:LQFP-64_10x10mm_P0.5mm (layer F.Cu) (tedit 5D9F72AF) (tstamp 5F41667B)
    (at 137.5 96 135)
    (descr "LQFP, 64 Pin (https://www.analog.com/media/en/technical-documentation/data-sheets/ad7606_7606-6_7606-4.pdf), generated with kicad-footprint-generator ipc_gullwing_generator.py")
    (tags "LQFP QFP")
    (path /5F3F4D20)
    (attr smd)
    (fp_text reference U6 (at 0 -7.4 135) (layer F.SilkS)
      (effects (font (size 1 1) (thickness 0.15)))
    )
    (fp_text value STM32F410RBTx (at 0 7.4 135) (layer F.Fab)
      (effects (font (size 1 1) (thickness 0.15)))
    )
    (fp_line (start 4.16 5.11) (end 5.11 5.11) (layer F.SilkS) (width 0.12))
    (fp_line (start 5.11 5.11) (end 5.11 4.16) (layer F.SilkS) (width 0.12))
    (fp_line (start -4.16 5.11) (end -5.11 5.11) (layer F.SilkS) (width 0.12))
    (fp_line (start -5.11 5.11) (end -5.11 4.16) (layer F.SilkS) (width 0.12))
    (fp_line (start 4.16 -5.11) (end 5.11 -5.11) (layer F.SilkS) (width 0.12))
    (fp_line (start 5.11 -5.11) (end 5.11 -4.16) (layer F.SilkS) (width 0.12))
    (fp_line (start -4.16 -5.11) (end -5.11 -5.11) (layer F.SilkS) (width 0.12))
    (fp_line (start -5.11 -5.11) (end -5.11 -4.16) (layer F.SilkS) (width 0.12))
    (fp_line (start -5.11 -4.16) (end -6.45 -4.16) (layer F.SilkS) (width 0.12))
    (fp_line (start -4 -5) (end 5 -5) (layer F.Fab) (width 0.1))
    (fp_line (start 5 -5) (end 5 5) (layer F.Fab) (width 0.1))
    (fp_line (start 5 5) (end -5 5) (layer F.Fab) (width 0.1))
    (fp_line (start -5 5) (end -5 -4) (layer F.Fab) (width 0.1))
    (fp_line (start -5 -4) (end -4 -5) (layer F.Fab) (width 0.1))
    (fp_line (start 0 -6.7) (end -4.15 -6.7) (layer F.CrtYd) (width 0.05))
    (fp_line (start -4.15 -6.7) (end -4.15 -5.25) (layer F.CrtYd) (width 0.05))
    (fp_line (start -4.15 -5.25) (end -5.25 -5.25) (layer F.CrtYd) (width 0.05))
    (fp_line (start -5.25 -5.25) (end -5.25 -4.15) (layer F.CrtYd) (width 0.05))
    (fp_line (start -5.25 -4.15) (end -6.7 -4.15) (layer F.CrtYd) (width 0.05))
    (fp_line (start -6.7 -4.15) (end -6.7 0) (layer F.CrtYd) (width 0.05))
    (fp_line (start 0 -6.7) (end 4.15 -6.7) (layer F.CrtYd) (width 0.05))
    (fp_line (start 4.15 -6.7) (end 4.15 -5.25) (layer F.CrtYd) (width 0.05))
    (fp_line (start 4.15 -5.25) (end 5.25 -5.25) (layer F.CrtYd) (width 0.05))
    (fp_line (start 5.25 -5.25) (end 5.25 -4.15) (layer F.CrtYd) (width 0.05))
    (fp_line (start 5.25 -4.15) (end 6.7 -4.15) (layer F.CrtYd) (width 0.05))
    (fp_line (start 6.7 -4.15) (end 6.7 0) (layer F.CrtYd) (width 0.05))
    (fp_line (start 0 6.7) (end -4.15 6.7) (layer F.CrtYd) (width 0.05))
    (fp_line (start -4.15 6.7) (end -4.15 5.25) (layer F.CrtYd) (width 0.05))
    (fp_line (start -4.15 5.25) (end -5.25 5.25) (layer F.CrtYd) (width 0.05))
    (fp_line (start -5.25 5.25) (end -5.25 4.15) (layer F.CrtYd) (width 0.05))
    (fp_line (start -5.25 4.15) (end -6.7 4.15) (layer F.CrtYd) (width 0.05))
    (fp_line (start -6.7 4.15) (end -6.7 0) (layer F.CrtYd) (width 0.05))
    (fp_line (start 0 6.7) (end 4.15 6.7) (layer F.CrtYd) (width 0.05))
    (fp_line (start 4.15 6.7) (end 4.15 5.25) (layer F.CrtYd) (width 0.05))
    (fp_line (start 4.15 5.25) (end 5.25 5.25) (layer F.CrtYd) (width 0.05))
    (fp_line (start 5.25 5.25) (end 5.25 4.15) (layer F.CrtYd) (width 0.05))
    (fp_line (start 5.25 4.15) (end 6.7 4.15) (layer F.CrtYd) (width 0.05))
    (fp_line (start 6.7 4.15) (end 6.7 0) (layer F.CrtYd) (width 0.05))
    (fp_text user %R (at 0 0 135) (layer F.Fab)
      (effects (font (size 1 1) (thickness 0.15)))
    )
    (pad 1 smd roundrect (at -5.675 -3.75 135) (size 1.55 0.3) (layers F.Cu F.Paste F.Mask) (roundrect_rratio 0.25)
      (net 3 +3V3))
    (pad 2 smd roundrect (at -5.675 -3.25 135) (size 1.55 0.3) (layers F.Cu F.Paste F.Mask) (roundrect_rratio 0.25)
      (net 56 "Net-(U6-Pad2)"))
    (pad 3 smd roundrect (at -5.675 -2.75 135) (size 1.55 0.3) (layers F.Cu F.Paste F.Mask) (roundrect_rratio 0.25)
      (net 57 "Net-(U6-Pad3)"))
    (pad 4 smd roundrect (at -5.675 -2.25 135) (size 1.55 0.3) (layers F.Cu F.Paste F.Mask) (roundrect_rratio 0.25)
      (net 58 "Net-(U6-Pad4)"))
    (pad 5 smd roundrect (at -5.675 -1.75 135) (size 1.55 0.3) (layers F.Cu F.Paste F.Mask) (roundrect_rratio 0.25)
      (net 93 /CK+))
    (pad 6 smd roundrect (at -5.675 -1.25 135) (size 1.55 0.3) (layers F.Cu F.Paste F.Mask) (roundrect_rratio 0.25)
      (net 94 /CK-))
    (pad 7 smd roundrect (at -5.675 -0.75 135) (size 1.55 0.3) (layers F.Cu F.Paste F.Mask) (roundrect_rratio 0.25)
      (net 29 ~RST~))
    (pad 8 smd roundrect (at -5.675 -0.25 135) (size 1.55 0.3) (layers F.Cu F.Paste F.Mask) (roundrect_rratio 0.25)
      (net 44 DIO1))
    (pad 9 smd roundrect (at -5.675 0.25 135) (size 1.55 0.3) (layers F.Cu F.Paste F.Mask) (roundrect_rratio 0.25)
      (net 43 DIO2))
    (pad 10 smd roundrect (at -5.675 0.75 135) (size 1.55 0.3) (layers F.Cu F.Paste F.Mask) (roundrect_rratio 0.25)
      (net 42 DIO3))
    (pad 11 smd roundrect (at -5.675 1.25 135) (size 1.55 0.3) (layers F.Cu F.Paste F.Mask) (roundrect_rratio 0.25)
      (net 41 DIO4))
    (pad 12 smd roundrect (at -5.675 1.75 135) (size 1.55 0.3) (layers F.Cu F.Paste F.Mask) (roundrect_rratio 0.25)
      (net 1 GND))
    (pad 13 smd roundrect (at -5.675 2.25 135) (size 1.55 0.3) (layers F.Cu F.Paste F.Mask) (roundrect_rratio 0.25)
      (net 3 +3V3))
    (pad 14 smd roundrect (at -5.675 2.75 135) (size 1.55 0.3) (layers F.Cu F.Paste F.Mask) (roundrect_rratio 0.25)
      (net 59 "Net-(U6-Pad14)"))
    (pad 15 smd roundrect (at -5.675 3.25 135) (size 1.55 0.3) (layers F.Cu F.Paste F.Mask) (roundrect_rratio 0.25)
      (net 60 "Net-(U6-Pad15)"))
    (pad 16 smd roundrect (at -5.675 3.75 135) (size 1.55 0.3) (layers F.Cu F.Paste F.Mask) (roundrect_rratio 0.25)
      (net 61 USART2_TX))
    (pad 17 smd roundrect (at -3.75 5.675 135) (size 0.3 1.55) (layers F.Cu F.Paste F.Mask) (roundrect_rratio 0.25)
      (net 62 USART2_RX))
    (pad 18 smd roundrect (at -3.25 5.675 135) (size 0.3 1.55) (layers F.Cu F.Paste F.Mask) (roundrect_rratio 0.25)
      (net 1 GND))
    (pad 19 smd roundrect (at -2.75 5.675 135) (size 0.3 1.55) (layers F.Cu F.Paste F.Mask) (roundrect_rratio 0.25)
      (net 3 +3V3))
    (pad 20 smd roundrect (at -2.25 5.675 135) (size 0.3 1.55) (layers F.Cu F.Paste F.Mask) (roundrect_rratio 0.25)
      (net 63 "Net-(U6-Pad20)"))
    (pad 21 smd roundrect (at -1.75 5.675 135) (size 0.3 1.55) (layers F.Cu F.Paste F.Mask) (roundrect_rratio 0.25)
      (net 64 "Net-(U6-Pad21)"))
    (pad 22 smd roundrect (at -1.25 5.675 135) (size 0.3 1.55) (layers F.Cu F.Paste F.Mask) (roundrect_rratio 0.25)
      (net 65 "Net-(U6-Pad22)"))
    (pad 23 smd roundrect (at -0.75 5.675 135) (size 0.3 1.55) (layers F.Cu F.Paste F.Mask) (roundrect_rratio 0.25)
      (net 66 "Net-(U6-Pad23)"))
    (pad 24 smd roundrect (at -0.25 5.675 135) (size 0.3 1.55) (layers F.Cu F.Paste F.Mask) (roundrect_rratio 0.25)
      (net 40 DIO5))
    (pad 25 smd roundrect (at 0.25 5.675 135) (size 0.3 1.55) (layers F.Cu F.Paste F.Mask) (roundrect_rratio 0.25)
      (net 39 DIO6))
    (pad 26 smd roundrect (at 0.75 5.675 135) (size 0.3 1.55) (layers F.Cu F.Paste F.Mask) (roundrect_rratio 0.25)
      (net 67 "Net-(U6-Pad26)"))
    (pad 27 smd roundrect (at 1.25 5.675 135) (size 0.3 1.55) (layers F.Cu F.Paste F.Mask) (roundrect_rratio 0.25)
      (net 68 "Net-(U6-Pad27)"))
    (pad 28 smd roundrect (at 1.75 5.675 135) (size 0.3 1.55) (layers F.Cu F.Paste F.Mask) (roundrect_rratio 0.25)
      (net 34 BOOT1))
    (pad 29 smd roundrect (at 2.25 5.675 135) (size 0.3 1.55) (layers F.Cu F.Paste F.Mask) (roundrect_rratio 0.25)
      (net 69 "Net-(U6-Pad29)"))
    (pad 30 smd roundrect (at 2.75 5.675 135) (size 0.3 1.55) (layers F.Cu F.Paste F.Mask) (roundrect_rratio 0.25)
      (net 4 VCCQ))
    (pad 31 smd roundrect (at 3.25 5.675 135) (size 0.3 1.55) (layers F.Cu F.Paste F.Mask) (roundrect_rratio 0.25)
      (net 1 GND))
    (pad 32 smd roundrect (at 3.75 5.675 135) (size 0.3 1.55) (layers F.Cu F.Paste F.Mask) (roundrect_rratio 0.25)
      (net 3 +3V3))
    (pad 33 smd roundrect (at 5.675 3.75 135) (size 1.55 0.3) (layers F.Cu F.Paste F.Mask) (roundrect_rratio 0.25)
      (net 70 "Net-(U6-Pad33)"))
    (pad 34 smd roundrect (at 5.675 3.25 135) (size 1.55 0.3) (layers F.Cu F.Paste F.Mask) (roundrect_rratio 0.25)
      (net 71 "Net-(U6-Pad34)"))
    (pad 35 smd roundrect (at 5.675 2.75 135) (size 1.55 0.3) (layers F.Cu F.Paste F.Mask) (roundrect_rratio 0.25)
      (net 72 "Net-(U6-Pad35)"))
    (pad 36 smd roundrect (at 5.675 2.25 135) (size 1.55 0.3) (layers F.Cu F.Paste F.Mask) (roundrect_rratio 0.25)
      (net 73 "Net-(U6-Pad36)"))
    (pad 37 smd roundrect (at 5.675 1.75 135) (size 1.55 0.3) (layers F.Cu F.Paste F.Mask) (roundrect_rratio 0.25)
      (net 38 DIO7))
    (pad 38 smd roundrect (at 5.675 1.25 135) (size 1.55 0.3) (layers F.Cu F.Paste F.Mask) (roundrect_rratio 0.25)
      (net 37 DIO8))
    (pad 39 smd roundrect (at 5.675 0.75 135) (size 1.55 0.3) (layers F.Cu F.Paste F.Mask) (roundrect_rratio 0.25)
      (net 74 "Net-(U6-Pad39)"))
    (pad 40 smd roundrect (at 5.675 0.25 135) (size 1.55 0.3) (layers F.Cu F.Paste F.Mask) (roundrect_rratio 0.25)
      (net 75 "Net-(U6-Pad40)"))
    (pad 41 smd roundrect (at 5.675 -0.25 135) (size 1.55 0.3) (layers F.Cu F.Paste F.Mask) (roundrect_rratio 0.25)
      (net 76 "Net-(U6-Pad41)"))
    (pad 42 smd roundrect (at 5.675 -0.75 135) (size 1.55 0.3) (layers F.Cu F.Paste F.Mask) (roundrect_rratio 0.25)
      (net 77 "Net-(U6-Pad42)"))
    (pad 43 smd roundrect (at 5.675 -1.25 135) (size 1.55 0.3) (layers F.Cu F.Paste F.Mask) (roundrect_rratio 0.25)
      (net 78 "Net-(U6-Pad43)"))
    (pad 44 smd roundrect (at 5.675 -1.75 135) (size 1.55 0.3) (layers F.Cu F.Paste F.Mask) (roundrect_rratio 0.25)
      (net 79 "Net-(U6-Pad44)"))
    (pad 45 smd roundrect (at 5.675 -2.25 135) (size 1.55 0.3) (layers F.Cu F.Paste F.Mask) (roundrect_rratio 0.25)
      (net 80 "Net-(U6-Pad45)"))
    (pad 46 smd roundrect (at 5.675 -2.75 135) (size 1.55 0.3) (layers F.Cu F.Paste F.Mask) (roundrect_rratio 0.25)
      (net 33 TMS))
    (pad 47 smd roundrect (at 5.675 -3.25 135) (size 1.55 0.3) (layers F.Cu F.Paste F.Mask) (roundrect_rratio 0.25)
      (net 1 GND))
    (pad 48 smd roundrect (at 5.675 -3.75 135) (size 1.55 0.3) (layers F.Cu F.Paste F.Mask) (roundrect_rratio 0.25)
      (net 3 +3V3))
    (pad 49 smd roundrect (at 3.75 -5.675 135) (size 0.3 1.55) (layers F.Cu F.Paste F.Mask) (roundrect_rratio 0.25)
      (net 32 TCK))
    (pad 50 smd roundrect (at 3.25 -5.675 135) (size 0.3 1.55) (layers F.Cu F.Paste F.Mask) (roundrect_rratio 0.25)
      (net 81 "Net-(U6-Pad50)"))
    (pad 51 smd roundrect (at 2.75 -5.675 135) (size 0.3 1.55) (layers F.Cu F.Paste F.Mask) (roundrect_rratio 0.25)
      (net 82 "Net-(U6-Pad51)"))
    (pad 52 smd roundrect (at 2.25 -5.675 135) (size 0.3 1.55) (layers F.Cu F.Paste F.Mask) (roundrect_rratio 0.25)
      (net 83 "Net-(U6-Pad52)"))
    (pad 53 smd roundrect (at 1.75 -5.675 135) (size 0.3 1.55) (layers F.Cu F.Paste F.Mask) (roundrect_rratio 0.25)
      (net 84 "Net-(U6-Pad53)"))
    (pad 54 smd roundrect (at 1.25 -5.675 135) (size 0.3 1.55) (layers F.Cu F.Paste F.Mask) (roundrect_rratio 0.25)
      (net 85 "Net-(U6-Pad54)"))
    (pad 55 smd roundrect (at 0.75 -5.675 135) (size 0.3 1.55) (layers F.Cu F.Paste F.Mask) (roundrect_rratio 0.25)
      (net 86 "Net-(U6-Pad55)"))
    (pad 56 smd roundrect (at 0.25 -5.675 135) (size 0.3 1.55) (layers F.Cu F.Paste F.Mask) (roundrect_rratio 0.25)
      (net 87 "Net-(U6-Pad56)"))
    (pad 57 smd roundrect (at -0.25 -5.675 135) (size 0.3 1.55) (layers F.Cu F.Paste F.Mask) (roundrect_rratio 0.25)
      (net 88 "Net-(U6-Pad57)"))
    (pad 58 smd roundrect (at -0.75 -5.675 135) (size 0.3 1.55) (layers F.Cu F.Paste F.Mask) (roundrect_rratio 0.25)
      (net 89 "Net-(U6-Pad58)"))
    (pad 59 smd roundrect (at -1.25 -5.675 135) (size 0.3 1.55) (layers F.Cu F.Paste F.Mask) (roundrect_rratio 0.25)
      (net 90 "Net-(U6-Pad59)"))
    (pad 60 smd roundrect (at -1.75 -5.675 135) (size 0.3 1.55) (layers F.Cu F.Paste F.Mask) (roundrect_rratio 0.25)
      (net 25 BOOT0))
    (pad 61 smd roundrect (at -2.25 -5.675 135) (size 0.3 1.55) (layers F.Cu F.Paste F.Mask) (roundrect_rratio 0.25)
      (net 91 "Net-(U6-Pad61)"))
    (pad 62 smd roundrect (at -2.75 -5.675 135) (size 0.3 1.55) (layers F.Cu F.Paste F.Mask) (roundrect_rratio 0.25)
      (net 92 "Net-(U6-Pad62)"))
    (pad 63 smd roundrect (at -3.25 -5.675 135) (size 0.3 1.55) (layers F.Cu F.Paste F.Mask) (roundrect_rratio 0.25)
      (net 1 GND))
    (pad 64 smd roundrect (at -3.75 -5.675 135) (size 0.3 1.55) (layers F.Cu F.Paste F.Mask) (roundrect_rratio 0.25)
      (net 3 +3V3))
    (model ${KISYS3DMOD}/Package_QFP.3dshapes/LQFP-64_10x10mm_P0.5mm.wrl
      (at (xyz 0 0 0))
      (scale (xyz 1 1 1))
      (rotate (xyz 0 0 0))
    )
  )

  (module Capacitor_SMD:C_0805_2012Metric (layer F.Cu) (tedit 5B36C52B) (tstamp 5F4162FC)
    (at 120.8 72.1 90)
    (descr "Capacitor SMD 0805 (2012 Metric), square (rectangular) end terminal, IPC_7351 nominal, (Body size source: https://docs.google.com/spreadsheets/d/1BsfQQcO9C6DZCsRaXUlFlo91Tg2WpOkGARC1WS5S8t0/edit?usp=sharing), generated with kicad-footprint-generator")
    (tags capacitor)
    (path /5F44C726)
    (attr smd)
    (fp_text reference C1 (at 0 1.9 90) (layer F.SilkS)
      (effects (font (size 1 1) (thickness 0.15)))
    )
    (fp_text value 0.1uF (at 0 1.65 90) (layer F.Fab)
      (effects (font (size 1 1) (thickness 0.15)))
    )
    (fp_line (start 1.68 0.95) (end -1.68 0.95) (layer F.CrtYd) (width 0.05))
    (fp_line (start 1.68 -0.95) (end 1.68 0.95) (layer F.CrtYd) (width 0.05))
    (fp_line (start -1.68 -0.95) (end 1.68 -0.95) (layer F.CrtYd) (width 0.05))
    (fp_line (start -1.68 0.95) (end -1.68 -0.95) (layer F.CrtYd) (width 0.05))
    (fp_line (start -0.258578 0.71) (end 0.258578 0.71) (layer F.SilkS) (width 0.12))
    (fp_line (start -0.258578 -0.71) (end 0.258578 -0.71) (layer F.SilkS) (width 0.12))
    (fp_line (start 1 0.6) (end -1 0.6) (layer F.Fab) (width 0.1))
    (fp_line (start 1 -0.6) (end 1 0.6) (layer F.Fab) (width 0.1))
    (fp_line (start -1 -0.6) (end 1 -0.6) (layer F.Fab) (width 0.1))
    (fp_line (start -1 0.6) (end -1 -0.6) (layer F.Fab) (width 0.1))
    (fp_text user %R (at 0 0 90) (layer F.Fab)
      (effects (font (size 0.5 0.5) (thickness 0.08)))
    )
    (pad 2 smd roundrect (at 0.9375 0 90) (size 0.975 1.4) (layers F.Cu F.Paste F.Mask) (roundrect_rratio 0.25)
      (net 1 GND))
    (pad 1 smd roundrect (at -0.9375 0 90) (size 0.975 1.4) (layers F.Cu F.Paste F.Mask) (roundrect_rratio 0.25)
      (net 2 +5V))
    (model ${KISYS3DMOD}/Capacitor_SMD.3dshapes/C_0805_2012Metric.wrl
      (at (xyz 0 0 0))
      (scale (xyz 1 1 1))
      (rotate (xyz 0 0 0))
    )
  )

  (module Capacitor_SMD:C_0805_2012Metric (layer F.Cu) (tedit 5B36C52B) (tstamp 5F41630D)
    (at 111.1 72.5 270)
    (descr "Capacitor SMD 0805 (2012 Metric), square (rectangular) end terminal, IPC_7351 nominal, (Body size source: https://docs.google.com/spreadsheets/d/1BsfQQcO9C6DZCsRaXUlFlo91Tg2WpOkGARC1WS5S8t0/edit?usp=sharing), generated with kicad-footprint-generator")
    (tags capacitor)
    (path /5F483F59)
    (attr smd)
    (fp_text reference C2 (at -2.9 0 90) (layer F.SilkS)
      (effects (font (size 1 1) (thickness 0.15)))
    )
    (fp_text value 0.1uF (at 0 1.65 90) (layer F.Fab)
      (effects (font (size 1 1) (thickness 0.15)))
    )
    (fp_line (start 1.68 0.95) (end -1.68 0.95) (layer F.CrtYd) (width 0.05))
    (fp_line (start 1.68 -0.95) (end 1.68 0.95) (layer F.CrtYd) (width 0.05))
    (fp_line (start -1.68 -0.95) (end 1.68 -0.95) (layer F.CrtYd) (width 0.05))
    (fp_line (start -1.68 0.95) (end -1.68 -0.95) (layer F.CrtYd) (width 0.05))
    (fp_line (start -0.258578 0.71) (end 0.258578 0.71) (layer F.SilkS) (width 0.12))
    (fp_line (start -0.258578 -0.71) (end 0.258578 -0.71) (layer F.SilkS) (width 0.12))
    (fp_line (start 1 0.6) (end -1 0.6) (layer F.Fab) (width 0.1))
    (fp_line (start 1 -0.6) (end 1 0.6) (layer F.Fab) (width 0.1))
    (fp_line (start -1 -0.6) (end 1 -0.6) (layer F.Fab) (width 0.1))
    (fp_line (start -1 0.6) (end -1 -0.6) (layer F.Fab) (width 0.1))
    (fp_text user %R (at 0 0 90) (layer F.Fab)
      (effects (font (size 0.5 0.5) (thickness 0.08)))
    )
    (pad 2 smd roundrect (at 0.9375 0 270) (size 0.975 1.4) (layers F.Cu F.Paste F.Mask) (roundrect_rratio 0.25)
      (net 1 GND))
    (pad 1 smd roundrect (at -0.9375 0 270) (size 0.975 1.4) (layers F.Cu F.Paste F.Mask) (roundrect_rratio 0.25)
      (net 3 +3V3))
    (model ${KISYS3DMOD}/Capacitor_SMD.3dshapes/C_0805_2012Metric.wrl
      (at (xyz 0 0 0))
      (scale (xyz 1 1 1))
      (rotate (xyz 0 0 0))
    )
  )

  (module Capacitor_SMD:C_0805_2012Metric (layer F.Cu) (tedit 5B36C52B) (tstamp 5F41631E)
    (at 114.7 107.85)
    (descr "Capacitor SMD 0805 (2012 Metric), square (rectangular) end terminal, IPC_7351 nominal, (Body size source: https://docs.google.com/spreadsheets/d/1BsfQQcO9C6DZCsRaXUlFlo91Tg2WpOkGARC1WS5S8t0/edit?usp=sharing), generated with kicad-footprint-generator")
    (tags capacitor)
    (path /5F472101)
    (attr smd)
    (fp_text reference C3 (at 0 -1.65) (layer F.SilkS)
      (effects (font (size 1 1) (thickness 0.15)))
    )
    (fp_text value 1uF (at 0 1.65) (layer F.Fab)
      (effects (font (size 1 1) (thickness 0.15)))
    )
    (fp_line (start -1 0.6) (end -1 -0.6) (layer F.Fab) (width 0.1))
    (fp_line (start -1 -0.6) (end 1 -0.6) (layer F.Fab) (width 0.1))
    (fp_line (start 1 -0.6) (end 1 0.6) (layer F.Fab) (width 0.1))
    (fp_line (start 1 0.6) (end -1 0.6) (layer F.Fab) (width 0.1))
    (fp_line (start -0.258578 -0.71) (end 0.258578 -0.71) (layer F.SilkS) (width 0.12))
    (fp_line (start -0.258578 0.71) (end 0.258578 0.71) (layer F.SilkS) (width 0.12))
    (fp_line (start -1.68 0.95) (end -1.68 -0.95) (layer F.CrtYd) (width 0.05))
    (fp_line (start -1.68 -0.95) (end 1.68 -0.95) (layer F.CrtYd) (width 0.05))
    (fp_line (start 1.68 -0.95) (end 1.68 0.95) (layer F.CrtYd) (width 0.05))
    (fp_line (start 1.68 0.95) (end -1.68 0.95) (layer F.CrtYd) (width 0.05))
    (fp_text user %R (at 0 0) (layer F.Fab)
      (effects (font (size 0.5 0.5) (thickness 0.08)))
    )
    (pad 1 smd roundrect (at -0.9375 0) (size 0.975 1.4) (layers F.Cu F.Paste F.Mask) (roundrect_rratio 0.25)
      (net 2 +5V))
    (pad 2 smd roundrect (at 0.9375 0) (size 0.975 1.4) (layers F.Cu F.Paste F.Mask) (roundrect_rratio 0.25)
      (net 1 GND))
    (model ${KISYS3DMOD}/Capacitor_SMD.3dshapes/C_0805_2012Metric.wrl
      (at (xyz 0 0 0))
      (scale (xyz 1 1 1))
      (rotate (xyz 0 0 0))
    )
  )

  (module Capacitor_SMD:C_0805_2012Metric (layer F.Cu) (tedit 5B36C52B) (tstamp 5F41632F)
    (at 118.5 112.25 90)
    (descr "Capacitor SMD 0805 (2012 Metric), square (rectangular) end terminal, IPC_7351 nominal, (Body size source: https://docs.google.com/spreadsheets/d/1BsfQQcO9C6DZCsRaXUlFlo91Tg2WpOkGARC1WS5S8t0/edit?usp=sharing), generated with kicad-footprint-generator")
    (tags capacitor)
    (path /5F4821F4)
    (attr smd)
    (fp_text reference C4 (at 3.2 0.1 90) (layer F.SilkS)
      (effects (font (size 1 1) (thickness 0.15)))
    )
    (fp_text value 1uF (at 0 1.65 90) (layer F.Fab)
      (effects (font (size 1 1) (thickness 0.15)))
    )
    (fp_line (start 1.68 0.95) (end -1.68 0.95) (layer F.CrtYd) (width 0.05))
    (fp_line (start 1.68 -0.95) (end 1.68 0.95) (layer F.CrtYd) (width 0.05))
    (fp_line (start -1.68 -0.95) (end 1.68 -0.95) (layer F.CrtYd) (width 0.05))
    (fp_line (start -1.68 0.95) (end -1.68 -0.95) (layer F.CrtYd) (width 0.05))
    (fp_line (start -0.258578 0.71) (end 0.258578 0.71) (layer F.SilkS) (width 0.12))
    (fp_line (start -0.258578 -0.71) (end 0.258578 -0.71) (layer F.SilkS) (width 0.12))
    (fp_line (start 1 0.6) (end -1 0.6) (layer F.Fab) (width 0.1))
    (fp_line (start 1 -0.6) (end 1 0.6) (layer F.Fab) (width 0.1))
    (fp_line (start -1 -0.6) (end 1 -0.6) (layer F.Fab) (width 0.1))
    (fp_line (start -1 0.6) (end -1 -0.6) (layer F.Fab) (width 0.1))
    (fp_text user %R (at 0 0 90) (layer F.Fab)
      (effects (font (size 0.5 0.5) (thickness 0.08)))
    )
    (pad 2 smd roundrect (at 0.9375 0 90) (size 0.975 1.4) (layers F.Cu F.Paste F.Mask) (roundrect_rratio 0.25)
      (net 1 GND))
    (pad 1 smd roundrect (at -0.9375 0 90) (size 0.975 1.4) (layers F.Cu F.Paste F.Mask) (roundrect_rratio 0.25)
      (net 3 +3V3))
    (model ${KISYS3DMOD}/Capacitor_SMD.3dshapes/C_0805_2012Metric.wrl
      (at (xyz 0 0 0))
      (scale (xyz 1 1 1))
      (rotate (xyz 0 0 0))
    )
  )

  (module Capacitor_SMD:C_0805_2012Metric (layer F.Cu) (tedit 5B36C52B) (tstamp 5F416340)
    (at 154.8 92.35)
    (descr "Capacitor SMD 0805 (2012 Metric), square (rectangular) end terminal, IPC_7351 nominal, (Body size source: https://docs.google.com/spreadsheets/d/1BsfQQcO9C6DZCsRaXUlFlo91Tg2WpOkGARC1WS5S8t0/edit?usp=sharing), generated with kicad-footprint-generator")
    (tags capacitor)
    (path /5F48BAE2)
    (attr smd)
    (fp_text reference C5 (at -3.25 0) (layer F.SilkS)
      (effects (font (size 1 1) (thickness 0.15)))
    )
    (fp_text value 0.1uF (at 0 1.65) (layer F.Fab)
      (effects (font (size 1 1) (thickness 0.15)))
    )
    (fp_line (start -1 0.6) (end -1 -0.6) (layer F.Fab) (width 0.1))
    (fp_line (start -1 -0.6) (end 1 -0.6) (layer F.Fab) (width 0.1))
    (fp_line (start 1 -0.6) (end 1 0.6) (layer F.Fab) (width 0.1))
    (fp_line (start 1 0.6) (end -1 0.6) (layer F.Fab) (width 0.1))
    (fp_line (start -0.258578 -0.71) (end 0.258578 -0.71) (layer F.SilkS) (width 0.12))
    (fp_line (start -0.258578 0.71) (end 0.258578 0.71) (layer F.SilkS) (width 0.12))
    (fp_line (start -1.68 0.95) (end -1.68 -0.95) (layer F.CrtYd) (width 0.05))
    (fp_line (start -1.68 -0.95) (end 1.68 -0.95) (layer F.CrtYd) (width 0.05))
    (fp_line (start 1.68 -0.95) (end 1.68 0.95) (layer F.CrtYd) (width 0.05))
    (fp_line (start 1.68 0.95) (end -1.68 0.95) (layer F.CrtYd) (width 0.05))
    (fp_text user %R (at 0 0) (layer F.Fab)
      (effects (font (size 0.5 0.5) (thickness 0.08)))
    )
    (pad 1 smd roundrect (at -0.9375 0) (size 0.975 1.4) (layers F.Cu F.Paste F.Mask) (roundrect_rratio 0.25)
      (net 2 +5V))
    (pad 2 smd roundrect (at 0.9375 0) (size 0.975 1.4) (layers F.Cu F.Paste F.Mask) (roundrect_rratio 0.25)
      (net 1 GND))
    (model ${KISYS3DMOD}/Capacitor_SMD.3dshapes/C_0805_2012Metric.wrl
      (at (xyz 0 0 0))
      (scale (xyz 1 1 1))
      (rotate (xyz 0 0 0))
    )
  )

  (module Capacitor_SMD:C_0805_2012Metric (layer F.Cu) (tedit 5B36C52B) (tstamp 5F416351)
    (at 154.75 109.1)
    (descr "Capacitor SMD 0805 (2012 Metric), square (rectangular) end terminal, IPC_7351 nominal, (Body size source: https://docs.google.com/spreadsheets/d/1BsfQQcO9C6DZCsRaXUlFlo91Tg2WpOkGARC1WS5S8t0/edit?usp=sharing), generated with kicad-footprint-generator")
    (tags capacitor)
    (path /5F484672)
    (attr smd)
    (fp_text reference C6 (at 0 2) (layer F.SilkS)
      (effects (font (size 1 1) (thickness 0.15)))
    )
    (fp_text value 0.1uF (at 0 1.65) (layer F.Fab)
      (effects (font (size 1 1) (thickness 0.15)))
    )
    (fp_line (start -1 0.6) (end -1 -0.6) (layer F.Fab) (width 0.1))
    (fp_line (start -1 -0.6) (end 1 -0.6) (layer F.Fab) (width 0.1))
    (fp_line (start 1 -0.6) (end 1 0.6) (layer F.Fab) (width 0.1))
    (fp_line (start 1 0.6) (end -1 0.6) (layer F.Fab) (width 0.1))
    (fp_line (start -0.258578 -0.71) (end 0.258578 -0.71) (layer F.SilkS) (width 0.12))
    (fp_line (start -0.258578 0.71) (end 0.258578 0.71) (layer F.SilkS) (width 0.12))
    (fp_line (start -1.68 0.95) (end -1.68 -0.95) (layer F.CrtYd) (width 0.05))
    (fp_line (start -1.68 -0.95) (end 1.68 -0.95) (layer F.CrtYd) (width 0.05))
    (fp_line (start 1.68 -0.95) (end 1.68 0.95) (layer F.CrtYd) (width 0.05))
    (fp_line (start 1.68 0.95) (end -1.68 0.95) (layer F.CrtYd) (width 0.05))
    (fp_text user %R (at 0 0) (layer F.Fab)
      (effects (font (size 0.5 0.5) (thickness 0.08)))
    )
    (pad 1 smd roundrect (at -0.9375 0) (size 0.975 1.4) (layers F.Cu F.Paste F.Mask) (roundrect_rratio 0.25)
      (net 2 +5V))
    (pad 2 smd roundrect (at 0.9375 0) (size 0.975 1.4) (layers F.Cu F.Paste F.Mask) (roundrect_rratio 0.25)
      (net 1 GND))
    (model ${KISYS3DMOD}/Capacitor_SMD.3dshapes/C_0805_2012Metric.wrl
      (at (xyz 0 0 0))
      (scale (xyz 1 1 1))
      (rotate (xyz 0 0 0))
    )
  )

  (module Capacitor_SMD:C_0603_1608Metric (layer F.Cu) (tedit 5B301BBE) (tstamp 5F416362)
    (at 142.2 117.85)
    (descr "Capacitor SMD 0603 (1608 Metric), square (rectangular) end terminal, IPC_7351 nominal, (Body size source: http://www.tortai-tech.com/upload/download/2011102023233369053.pdf), generated with kicad-footprint-generator")
    (tags capacitor)
    (path /5F42CB2C)
    (attr smd)
    (fp_text reference C7 (at 0 -1.43) (layer F.SilkS)
      (effects (font (size 1 1) (thickness 0.15)))
    )
    (fp_text value 18pF (at 0 1.43) (layer F.Fab)
      (effects (font (size 1 1) (thickness 0.15)))
    )
    (fp_line (start 1.48 0.73) (end -1.48 0.73) (layer F.CrtYd) (width 0.05))
    (fp_line (start 1.48 -0.73) (end 1.48 0.73) (layer F.CrtYd) (width 0.05))
    (fp_line (start -1.48 -0.73) (end 1.48 -0.73) (layer F.CrtYd) (width 0.05))
    (fp_line (start -1.48 0.73) (end -1.48 -0.73) (layer F.CrtYd) (width 0.05))
    (fp_line (start -0.162779 0.51) (end 0.162779 0.51) (layer F.SilkS) (width 0.12))
    (fp_line (start -0.162779 -0.51) (end 0.162779 -0.51) (layer F.SilkS) (width 0.12))
    (fp_line (start 0.8 0.4) (end -0.8 0.4) (layer F.Fab) (width 0.1))
    (fp_line (start 0.8 -0.4) (end 0.8 0.4) (layer F.Fab) (width 0.1))
    (fp_line (start -0.8 -0.4) (end 0.8 -0.4) (layer F.Fab) (width 0.1))
    (fp_line (start -0.8 0.4) (end -0.8 -0.4) (layer F.Fab) (width 0.1))
    (fp_text user %R (at 0 0) (layer F.Fab)
      (effects (font (size 0.4 0.4) (thickness 0.06)))
    )
    (pad 2 smd roundrect (at 0.7875 0) (size 0.875 0.95) (layers F.Cu F.Paste F.Mask) (roundrect_rratio 0.25)
      (net 1 GND))
    (pad 1 smd roundrect (at -0.7875 0) (size 0.875 0.95) (layers F.Cu F.Paste F.Mask) (roundrect_rratio 0.25)
      (net 93 /CK+))
    (model ${KISYS3DMOD}/Capacitor_SMD.3dshapes/C_0603_1608Metric.wrl
      (at (xyz 0 0 0))
      (scale (xyz 1 1 1))
      (rotate (xyz 0 0 0))
    )
  )

  (module Capacitor_SMD:C_0603_1608Metric (layer F.Cu) (tedit 5B301BBE) (tstamp 5F416373)
    (at 147.2 117.85 180)
    (descr "Capacitor SMD 0603 (1608 Metric), square (rectangular) end terminal, IPC_7351 nominal, (Body size source: http://www.tortai-tech.com/upload/download/2011102023233369053.pdf), generated with kicad-footprint-generator")
    (tags capacitor)
    (path /5F461DE0)
    (attr smd)
    (fp_text reference C8 (at 0 -1.43) (layer F.SilkS)
      (effects (font (size 1 1) (thickness 0.15)))
    )
    (fp_text value 18pF (at 0 1.43) (layer F.Fab)
      (effects (font (size 1 1) (thickness 0.15)))
    )
    (fp_line (start -0.8 0.4) (end -0.8 -0.4) (layer F.Fab) (width 0.1))
    (fp_line (start -0.8 -0.4) (end 0.8 -0.4) (layer F.Fab) (width 0.1))
    (fp_line (start 0.8 -0.4) (end 0.8 0.4) (layer F.Fab) (width 0.1))
    (fp_line (start 0.8 0.4) (end -0.8 0.4) (layer F.Fab) (width 0.1))
    (fp_line (start -0.162779 -0.51) (end 0.162779 -0.51) (layer F.SilkS) (width 0.12))
    (fp_line (start -0.162779 0.51) (end 0.162779 0.51) (layer F.SilkS) (width 0.12))
    (fp_line (start -1.48 0.73) (end -1.48 -0.73) (layer F.CrtYd) (width 0.05))
    (fp_line (start -1.48 -0.73) (end 1.48 -0.73) (layer F.CrtYd) (width 0.05))
    (fp_line (start 1.48 -0.73) (end 1.48 0.73) (layer F.CrtYd) (width 0.05))
    (fp_line (start 1.48 0.73) (end -1.48 0.73) (layer F.CrtYd) (width 0.05))
    (fp_text user %R (at 0 0) (layer F.Fab)
      (effects (font (size 0.4 0.4) (thickness 0.06)))
    )
    (pad 1 smd roundrect (at -0.7875 0 180) (size 0.875 0.95) (layers F.Cu F.Paste F.Mask) (roundrect_rratio 0.25)
      (net 94 /CK-))
    (pad 2 smd roundrect (at 0.7875 0 180) (size 0.875 0.95) (layers F.Cu F.Paste F.Mask) (roundrect_rratio 0.25)
      (net 1 GND))
    (model ${KISYS3DMOD}/Capacitor_SMD.3dshapes/C_0603_1608Metric.wrl
      (at (xyz 0 0 0))
      (scale (xyz 1 1 1))
      (rotate (xyz 0 0 0))
    )
  )

  (module Capacitor_SMD:C_0805_2012Metric (layer F.Cu) (tedit 5B36C52B) (tstamp 5F416384)
    (at 141.75 86.25 180)
    (descr "Capacitor SMD 0805 (2012 Metric), square (rectangular) end terminal, IPC_7351 nominal, (Body size source: https://docs.google.com/spreadsheets/d/1BsfQQcO9C6DZCsRaXUlFlo91Tg2WpOkGARC1WS5S8t0/edit?usp=sharing), generated with kicad-footprint-generator")
    (tags capacitor)
    (path /5F6C51C7)
    (attr smd)
    (fp_text reference C9 (at 0 -1.65) (layer F.SilkS)
      (effects (font (size 1 1) (thickness 0.15)))
    )
    (fp_text value 0.1uF (at 0 1.65) (layer F.Fab)
      (effects (font (size 1 1) (thickness 0.15)))
    )
    (fp_line (start -1 0.6) (end -1 -0.6) (layer F.Fab) (width 0.1))
    (fp_line (start -1 -0.6) (end 1 -0.6) (layer F.Fab) (width 0.1))
    (fp_line (start 1 -0.6) (end 1 0.6) (layer F.Fab) (width 0.1))
    (fp_line (start 1 0.6) (end -1 0.6) (layer F.Fab) (width 0.1))
    (fp_line (start -0.258578 -0.71) (end 0.258578 -0.71) (layer F.SilkS) (width 0.12))
    (fp_line (start -0.258578 0.71) (end 0.258578 0.71) (layer F.SilkS) (width 0.12))
    (fp_line (start -1.68 0.95) (end -1.68 -0.95) (layer F.CrtYd) (width 0.05))
    (fp_line (start -1.68 -0.95) (end 1.68 -0.95) (layer F.CrtYd) (width 0.05))
    (fp_line (start 1.68 -0.95) (end 1.68 0.95) (layer F.CrtYd) (width 0.05))
    (fp_line (start 1.68 0.95) (end -1.68 0.95) (layer F.CrtYd) (width 0.05))
